YLR038C	COX12  OXIDATIVE PHOSPHORYLATIO CYTOCHROME-C OXIDASE, SUBUNIT VIB	-0.43	0.3	0.0	-0.29	-0.18	-0.56	-0.22	-0.62	-0.22	-0.38	-0.12	-0.29	0.3	-0.62	-0.14	-0.42	-0.42	-0.42	0.01	-0.6	-0.45	-0.43	-0.29	-0.1	-0.38	-0.06	-0.01	-0.2	-0.27	0.08	-0.22	-0.25	-0.45	-0.17	0.31	0.77	0.97	0.94	0.99	0.83	0.99	0.82	1.06	0.57	1.36	1.21	1.68	-0.23	-0.38	-0.43	-0.6	-1.15	-1.47	0.34	-0.34	-1.09	-1.12	-1.22	-0.23	-0.32	-0.34	-0.56	-0.71	-1.22	-0.34	-0.15	-0.29	-0.36	-0.58	-0.23	-1.25	-0.89	0.0	-0.09	0.08	-0.12	0.56	1.06	1.33
YPR001W	CIT3   TCA CYCLE                CITRATE SYNTHASE	-0.3	-0.12	-0.25	-0.3	0.0	0.07	-0.42	-0.25	-0.01	0.15	-0.74	-0.58	-0.3	-0.34	-0.81	-0.18	-0.62	-0.22	-0.36	-0.47	-0.2	-0.56	-0.62	-0.64	-0.36	0.18	0.4	0.46	0.58	0.57	0.12	0.52	-0.43	0.14	-0.2	-0.47	-0.56	0.0	-0.18	0.49	0.11	-1.09	-0.49	-0.3	-1.12	-0.32	-0.76	-0.23	1.31	1.04	0.76	-0.17	-0.45	0.25	-0.54	-2.06	1.15	-0.69	0.44	-0.1	0.36	0.45	-0.2	0.54	-0.67	-0.23	-0.81	-0.58	0.06	0.81	0.18	-0.32	-0.22	-0.22	-0.22	-0.38	-0.32	0.26	0.49
YKL145W	RPT1   PROTEIN DEGRADATION, UBI 26S PROTEASOME SUBUNIT	0.06	0.04	-0.03	-0.12	0.14	-0.09	0.3	-0.01	0.11	0.03	0.04	0.01	-0.06	-0.45	-0.12	-0.1	0.11	-0.27	0.58	0.59	-0.25	-0.32	-0.58	-0.34	-0.34	0.11	0.21	-0.12	-0.3	0.58	0.34	0.28	-0.89	-0.74	-0.64	-0.69	-0.56	-0.69	-0.29	-0.32	-0.45	-0.2	-0.12	0.11	0.72	0.56	0.67	-0.09	0.0	1.2	0.74	-0.03	-0.42	-0.2	-0.56	-1.74	1.41	2.27	-0.27	-0.32	-0.2	0.18	-0.27	-0.42	0.25	0.06	0.42	0.0	-0.32	-0.97	-0.14	-0.51	0.12	0.5	0.42	0.0	-0.01	0.82	0.14
YOR369C	RPS12  PROTEIN SYNTHESIS        RIBOSOMAL PROTEIN S12	0.31	-0.07	-0.17	-0.04	-0.17	-0.01	0.03	0.12	0.21	-0.17	0.25	-0.2	0.2	-0.22	0.4	0.01	-0.1	-0.01	0.08	-0.07	0.28	0.18	0.62	0.6	0.57	0.7	0.25	0.2	0.16	-0.1	-0.23	-0.18	0.56	0.3	-0.07	-0.3	-0.4	-0.18	-0.2	-0.03	-0.29	-0.32	-0.38	-0.45	-0.47	-0.62	-0.32	-0.3	-1.25	-1.51	-1.79	-0.54	0.0	0.06	-0.47	1.44	-2.84	-3.47	-0.04	-0.86	-2.32	-1.84	-1	-1.09	0.43	0.25	-0.67	-1.32	0.12	-0.12	-0.38	-1.79	0.1	0.07	0.24	0.15	-0.1	-0.64	-2.06
YFL018C	LPD1   TCA CYCLE                DIHYDROLIPOAMIDE DEHYDROGENASE	-0.49	-0.17	-0.14	0.03	-0.06	0.01	-0.09	-0.04	0.32	0.01	0.31	-0.06	-0.01	-0.22	-0.04	0.2	-0.3	0.0	-0.2	-0.07	0.12	0.1	-0.32	0.03	0.07	0.63	0.68	0.59	0.12	0.59	0.69	0.59	-0.12	-0.29	-0.04	0.25	0.15	0.14	0.15	0.12	0.19	0.14	0.26	1.38	0.4	0.28	0.51	0.08	0.16	0.11	-0.12	-0.54	-0.49	0.18	-0.12	-1.03	-0.07	-0.22	-0.14	0.36	0.26	-0.03	-0.03	-1	-0.18	-0.4	0.43	0.38	-0.29	-0.27	-0.2	-0.49	0.03	0.18	0.44	0.39	0.53	0.71	0.8
YOR182C	RPS30B PROTEIN SYNTHESIS        RIBOSOMAL PROTEIN S30B	0.06	-0.12	-0.06	-0.27	-0.15	0.0	-0.01	0.01	-0.18	-0.07	-0.45	-0.25	-0.2	-0.3	-0.17	-0.29	0.18	0.34	-0.04	-0.3	0.26	0.06	0.54	0.19	-0.43	-0.3	-0.54	-0.47	0.16	-0.62	-0.42	-0.56	0.1	0.12	0.46	0.33	0.46	0.39	0.36	0.24	0.38	0.03	0.38	-0.04	0.42	0.16	0.89	-0.58	-1.22	-1.22	-1.51	-1.06	-0.54	-0.45	-0.34	0.49	-1.74	-1.6	-0.51	-0.94	-1.32	-0.92	-0.94	-0.6	0.01	0.41	-0.76	-0.94	-0.62	-0.14	-0.84	-1.36	-0.17	-0.49	-0.22	-0.17	-0.38	-1.25	-1.89
YPL090C	RPS6A  PROTEIN SYNTHESIS        RIBOSOMAL PROTEIN S6A	-0.12	-0.47	-0.67	-0.38	0.0	-0.51	-0.12	-0.54	0.01	0.06	0.04	-0.1	-0.1	-0.34	0.01	-0.03	-0.3	-0.07	-0.94	-0.29	0.32	0.7	0.14	0.48	0.16	0.98	0.55	0.61	-0.18	0.23	0.24	0.14	-0.23	0.46	-0.4	-0.29	-0.62	-0.04	-0.45	0.68	0.21	-0.86	-0.38	0.24	-1.6	-0.36	-0.56	0.04	-2.06	-2.84	-2.64	-1.94	-1.15	0.58	-0.12	1.38	-3.06	-4.32	-0.71	-1.32	-2.56	-2.06	-1.29	-1.47	0.4	-0.03	-0.64	-1.43	0.23	-0.36	-1.18	-2	0.23	0.15	0.55	0.15	0.04	-1.29	-1.56
YGR270W	YTA7   PROTEIN DEGRADATION      26S PROTEASOME SUBUNIT; ATPASE	0.0	-0.1	0.25	0.03	0.08	-0.25	0.04	-0.15	-0.07	-0.2	0.26	-0.03	0.03	-0.4	0.25	-0.04	-0.04	-0.29	-0.22	-0.4	-0.1	-0.25	-0.18	-0.42	-0.36	-0.23	0.0	-0.2	-0.6	-0.01	-0.17	-0.36	-0.25	-0.29	-0.32	-0.43	-0.84	-0.47	-0.3	-0.47	-0.43	-0.74	-0.6	0.36	-0.43	-0.22	-0.67	-0.43	-0.06	0.78	1.12	1.01	0.91	-0.79	0.07	-0.12	0.58	1.29	0.33	0.08	0.54	0.78	0.07	1.6	-0.36	-0.25	-0.22	-0.84	0.57	0.43	1.19	0.51	-0.18	-0.14	-0.22	-0.09	-0.1	-0.36	-0.14
YGL048C	RPT6   PROTEIN DEGRADATION      26S PROTEASOME REGULATORY SUBUNIT	0.24	-0.23	0.04	0.08	0.18	-0.22	0.31	-0.2	0.12	0.03	-0.01	-0.09	-0.01	-0.42	-0.1	-0.1	0.01	-0.17	0.45	0.32	-0.3	-0.32	-0.45	-0.2	-0.27	0.15	0.16	0.14	-0.09	0.29	0.32	0.38	-0.43	-0.45	-0.34	-0.12	-0.14	-0.34	-0.07	-0.12	-0.1	0.12	0.12	-0.56	0.57	0.33	0.51	-0.14	0.85	0.84	0.77	-0.23	-0.32	0.11	-0.45	-1.29	0.75	1.58	-0.22	-0.14	0.01	0.04	-0.3	-0.3	0.36	0.44	0.12	0.1	-0.67	-0.47	0.0	-0.14	0.29	0.2	0.24	0.04	0.1	0.89	0.21
YLR395C	COX8   OXIDATIVE PHOSPHORYLATIO CYTOCHROME-C OXIDASE CHAIN VIII	-0.17	0.01	0.08	-0.15	-0.14	-0.23	-0.07	-0.2	-0.38	-0.36	-0.36	-0.67	-0.07	-0.56	-0.14	-0.56	0.31	-0.49	0.96	-0.12	0.2	-0.25	-0.01	-0.6	-0.04	-0.12	-0.06	-0.17	0.26	-0.01	-0.06	-0.12	-0.79	-0.64	-0.14	0.51	0.92	0.87	0.77	0.66	0.36	0.58	0.83	0.23	0.74	0.57	0.82	-0.29	-0.1	-0.47	-0.6	-1.09	-1	0.39	-0.43	-0.74	-0.92	-1.4	0.1	0.46	0.08	-0.38	-0.12	0.04	0.07	-0.36	-0.01	0.03	0.11	0.03	-0.69	-1.15	0.08	0.03	0.42	0.33	0.86	1.32	1.66
YDL066W	IDP1   TCA CYCLE                ISOCITRATE DEHYDROGENASE (NADP+)	0.29	0.37	0.54	0.7	0.69	0.66	0.8	0.59	0.44	0.61	0.38	0.5	0.23	-0.1	0.29	0.16	0.24	0.3	-0.32	0.0	0.54	0.41	0.45	0.33	0.28	0.52	0.43	0.6	0.37	0.33	0.39	0.44	-0.49	-0.64	-0.42	0.18	0.38	0.33	0.33	0.24	0.16	0.15	0.26	-0.42	0.14	0.04	0.38	-0.12	0.08	-0.76	-1.12	-1	-1.06	1	-0.06	-0.2	-0.36	-1.32	-0.15	-0.54	-0.58	-0.23	-0.1	-0.3	-0.36	-0.32	0.03	0.06	-0.47	-0.56	-0.79	-1	0.01	-0.1	-0.3	-0.17	-0.04	0.54	0.59
YGR183C	QCR9   OXIDATIVE PHOSPHORYLATIO UBIQUINOL CYTOCHROME-C REDUCTASE SUBUNIT 9	-0.2	0.41	0.44	0.15	-0.14	0.12	-0.29	-0.2	-0.04	0.07	-0.15	-0.04	-0.03	-0.45	-0.34	-0.15	-0.3	-0.18	0.66	0.11	0.36	0.43	0.12	0.36	0.16	0.3	0.15	0.2	0.3	0.1	0.18	0.21	-0.25	-0.17	-0.04	0.3	0.41	0.52	0.64	0.42	0.1	0.28	0.54	0.77	0.58	0.26	0.54	-0.15	0.0	-0.29	-0.09	-0.09	-0.22	0.03	0.01	-0.32	-0.25	-0.17	0.19	0.93	0.41	-0.3	-0.32	0.12	-0.42	-0.38	-0.51	-0.3	-0.32	0.55	0.01	0.42	-0.01	0.08	0.14	0.0	0.14	0.58	0.55
